camera_matrix:
- - 50753.2038045788
  - 0.0
  - 227.0177068710595
- - 0.0
  - 50752.82445363909
  - 299.1781836198248
- - 0.0
  - 0.0
  - 1.0
dist_coeffs:
- - 0.10713414432656128
  - 9.112036383929923e-07
  - -0.0006867205325580203
  - -0.00013623539061487387
  - 1.1384085618555707e-12
image_size:
- 450
- 600
pattern_size:
- 9
- 6
reprojection_error: 0.0005171842922929489
square_size: 25.0
